20190221163604668362
20190221163604677474
20190221163708563770
20190221163708568572
20190221163708572947
20190221163708577136
20190221163708581322
20190221163708585797
20190221163708590366
20190221163708594958
20190221163708599238
20190221163708603463
20190221163708607694
20190221163708611952
20190221163708616170
20190221163708620621
20190221163708624924
20190221163708629080
20190221163708633200
20190221163708637531
20190221163708641709
20190221163708645921
20190221163708650122
20190221163708655934
20190221163708660855
20190221163708665071
20190221163708668827
20190221163708672645
20190221163708676719
20190221163708680591
20190221163708684443
20190221163708688230
20190221163708691983
20190221163708695968
20190221163708700044
20190221163708704053
20190221163708708258
20190221163708712221
20190221163708715995
20190221163708719946
20190221163708724069
20190221163708727917
20190221163708732001
20190221163708735971
20190221163708739826
20190221163708743796
20190221163708747719
20190221163708751950
20190221163708755967
20190221163708760087
20190221163708764213
20190221163708768477
20190221163708772489
20190221163708776568
20190221163708780610
20190221163708784566
20190221163708788724
20190221163708792942
20190221163708797139
20190221163708801057
20190221163708805409
20190221163708809462
20190221163708813671
20190221163708817790
20190221163708821723
20190221163708825752
20190221163708830135
20190221163708834248
20190221163708838373
20190221163708842436
20190221163708846467
20190221163708850583
20190221163708854671
20190221163708858854
20190221163708862891
20190221163708867116
20190221163708871231
20190221163708875278
20190221163708879094
20190221163708882954
20190221163708886900
20190221163708890608
20190221163708894422
20190221163708898421
20190221163708902458
20190221163708906323
20190221163708910412
20190221163708914355
20190221163708918174
20190221163708922052
20190221163708925872
20190221163708930225
20190221163708934497
20190221163708938519
20190221163708942595
20190221163708946550
20190221163708950692
20190221163708954757
20190221163708958992
20190221163708962887